0	 18 	 18.00 	 18.00	 18
1	 19 	 18.50 	 18.50	 37
2	 25 	 20.67 	 20.67	 62
3	 37 	 24.75 	 24.75	 99
4	 15 	 22.80 	 22.80	 114
5	 9 	 20.50 	 20.50	 123
6	 26 	 21.29 	 21.29	 149
7	 15 	 20.50 	 20.50	 164
8	 12 	 19.56 	 19.56	 176
9	 17 	 19.30 	 19.30	 193
10	 14 	 18.82 	 18.82	 207
11	 27 	 19.50 	 19.50	 234
12	 28 	 20.15 	 20.15	 262
13	 92 	 25.29 	 25.29	 354
14	 14 	 24.53 	 24.53	 368
15	 17 	 24.06 	 24.06	 385
16	 11 	 23.29 	 23.29	 396
17	 19 	 23.06 	 23.06	 415
18	 12 	 22.47 	 22.47	 427
19	 13 	 22.00 	 22.00	 440
20	 24 	 22.10 	 22.10	 464
21	 21 	 22.05 	 22.05	 485
22	 27 	 22.26 	 22.26	 512
23	 27 	 22.46 	 22.46	 539
24	 11 	 22.00 	 22.00	 550
25	 14 	 21.69 	 21.69	 564
26	 15 	 21.44 	 21.44	 579
27	 13 	 21.14 	 21.14	 592
28	 26 	 21.31 	 21.31	 618
29	 26 	 21.47 	 21.47	 644
30	 39 	 22.03 	 22.03	 683
31	 27 	 22.19 	 22.19	 710
32	 13 	 21.91 	 21.91	 723
33	 16 	 21.74 	 21.74	 739
34	 37 	 22.17 	 22.17	 776
35	 25 	 22.25 	 22.25	 801
36	 14 	 22.03 	 22.03	 815
37	 17 	 21.89 	 21.89	 832
38	 16 	 21.74 	 21.74	 848
39	 37 	 22.12 	 22.12	 885
40	 13 	 21.90 	 21.90	 898
41	 68 	 23.00 	 23.00	 966
42	 14 	 22.79 	 22.79	 980
43	 22 	 22.77 	 22.77	 1002
44	 52 	 23.42 	 23.42	 1054
45	 10 	 23.13 	 23.13	 1064
46	 11 	 22.87 	 22.87	 1075
47	 33 	 23.08 	 23.08	 1108
48	 13 	 22.88 	 22.88	 1121
49	 42 	 23.26 	 23.26	 1163
50	 38 	 23.55 	 23.55	 1201
51	 64 	 24.33 	 24.33	 1265
52	 26 	 24.36 	 24.36	 1291
53	 50 	 24.83 	 24.83	 1341
54	 43 	 25.16 	 25.16	 1384
55	 74 	 26.04 	 26.04	 1458
56	 37 	 26.23 	 26.23	 1495
57	 45 	 26.55 	 26.55	 1540
58	 77 	 27.41 	 27.41	 1617
59	 69 	 28.10 	 28.10	 1686
60	 39 	 28.28 	 28.28	 1725
61	 51 	 28.65 	 28.65	 1776
62	 49 	 28.97 	 28.97	 1825
0	 17 	 17.00 	 17.00	 17
1	 15 	 16.00 	 16.00	 32
2	 22 	 18.00 	 18.00	 54
3	 16 	 17.50 	 17.50	 70
4	 21 	 18.20 	 18.20	 91
5	 49 	 23.33 	 23.33	 140
6	 17 	 22.43 	 22.43	 157
7	 37 	 24.25 	 24.25	 194
8	 36 	 25.56 	 25.56	 230
9	 14 	 24.40 	 24.40	 244
10	 16 	 23.64 	 23.64	 260
11	 20 	 23.33 	 23.33	 280
12	 10 	 22.31 	 22.31	 290
13	 27 	 22.64 	 22.64	 317
14	 13 	 22.00 	 22.00	 330
15	 31 	 22.56 	 22.56	 361
16	 14 	 22.06 	 22.06	 375
17	 11 	 21.44 	 21.44	 386
18	 13 	 21.00 	 21.00	 399
19	 21 	 21.00 	 21.00	 420
20	 27 	 21.29 	 21.29	 447
21	 35 	 21.91 	 21.91	 482
22	 16 	 21.65 	 21.65	 498
23	 14 	 21.33 	 21.33	 512
24	 12 	 20.96 	 20.96	 524
25	 36 	 21.54 	 21.54	 560
26	 21 	 21.52 	 21.52	 581
27	 10 	 21.11 	 21.11	 591
28	 12 	 20.79 	 20.79	 603
29	 23 	 20.87 	 20.87	 626
30	 18 	 20.77 	 20.77	 644
31	 15 	 20.59 	 20.59	 659
32	 26 	 20.76 	 20.76	 685
33	 19 	 20.71 	 20.71	 704
34	 32 	 21.03 	 21.03	 736
35	 20 	 21.00 	 21.00	 756
36	 47 	 21.70 	 21.70	 803
37	 13 	 21.47 	 21.47	 816
38	 20 	 21.44 	 21.44	 836
39	 17 	 21.32 	 21.32	 853
40	 29 	 21.51 	 21.51	 882
41	 35 	 21.83 	 21.83	 917
42	 21 	 21.81 	 21.81	 938
43	 19 	 21.75 	 21.75	 957
44	 27 	 21.87 	 21.87	 984
45	 20 	 21.83 	 21.83	 1004
46	 20 	 21.79 	 21.79	 1024
47	 21 	 21.77 	 21.77	 1045
48	 33 	 22.00 	 22.00	 1078
49	 14 	 21.84 	 21.84	 1092
50	 107 	 23.51 	 23.51	 1199
51	 27 	 23.58 	 23.58	 1226
52	 50 	 24.08 	 24.08	 1276
53	 49 	 24.54 	 24.54	 1325
54	 12 	 24.31 	 24.31	 1337
55	 10 	 24.05 	 24.05	 1347
56	 10 	 23.81 	 23.81	 1357
57	 10 	 23.57 	 23.57	 1367
58	 10 	 23.34 	 23.34	 1377
59	 10 	 23.12 	 23.12	 1387
60	 75 	 23.97 	 23.97	 1462
61	 90 	 25.03 	 25.03	 1552
62	 71 	 25.76 	 25.76	 1623
63	 94 	 26.83 	 26.83	 1717
64	 109 	 28.09 	 28.09	 1826
65	 87 	 28.98 	 28.98	 1913
66	 767 	 40.00 	 40.00	 2680
67	 48 	 40.12 	 40.12	 2728
68	 344 	 44.52 	 44.52	 3072
69	 66 	 44.83 	 44.83	 3138
70	 86 	 45.41 	 45.41	 3224
71	 74 	 45.81 	 45.81	 3298
72	 94 	 46.47 	 46.47	 3392
73	 102 	 47.22 	 47.22	 3494
74	 206 	 49.33 	 49.33	 3700
75	 268 	 52.21 	 52.21	 3968
76	 376 	 56.42 	 56.42	 4344
77	 1152 	 70.46 	 70.46	 5496
78	 121 	 71.10 	 71.10	 5617
79	 392 	 75.11 	 75.11	 6009
80	 458 	 79.84 	 79.84	 6467
81	 274 	 82.21 	 82.21	 6741
82	 292 	 84.73 	 84.73	 7033
83	 87 	 84.76 	 84.76	 7120
84	 3127 	 120.55 	 120.55	 10247
85	 520 	 125.20 	 125.20	 10767
86	 81 	 124.69 	 124.69	 10848
87	 350 	 127.25 	 127.25	 11198
88	 579 	 132.33 	 132.33	 11777
89	 646 	 138.03 	 138.03	 12423
90	 1217 	 149.89 	 149.89	 13640
91	 1378 	 163.24 	 163.24	 15018
92	 2054 	 183.57 	 183.57	 17072
0	 39 	 39.00 	 39.00	 39
1	 29 	 34.00 	 34.00	 68
2	 48 	 38.67 	 38.67	 116
3	 34 	 37.50 	 37.50	 150
4	 17 	 33.40 	 33.40	 167
5	 14 	 30.17 	 30.17	 181
6	 24 	 29.29 	 29.29	 205
7	 27 	 29.00 	 29.00	 232
8	 17 	 27.67 	 27.67	 249
9	 18 	 26.70 	 26.70	 267
10	 47 	 28.55 	 28.55	 314
11	 44 	 29.83 	 29.83	 358
12	 30 	 29.85 	 29.85	 388
13	 13 	 28.64 	 28.64	 401
14	 10 	 27.40 	 27.40	 411
0	 13 	 13.00 	 13.00	 13
1	 21 	 17.00 	 17.00	 34
2	 12 	 15.33 	 15.33	 46
3	 25 	 17.75 	 17.75	 71
4	 13 	 16.80 	 16.80	 84
5	 9 	 15.50 	 15.50	 93
6	 26 	 17.00 	 17.00	 119
7	 11 	 16.25 	 16.25	 130
8	 56 	 20.67 	 20.67	 186
9	 45 	 23.10 	 23.10	 231
10	 12 	 22.09 	 22.09	 243
11	 22 	 22.08 	 22.08	 265
12	 20 	 21.92 	 21.92	 285
13	 16 	 21.50 	 21.50	 301
14	 21 	 21.47 	 21.47	 322
15	 21 	 21.44 	 21.44	 343
16	 13 	 20.94 	 20.94	 356
17	 14 	 20.56 	 20.56	 370
18	 10 	 20.00 	 20.00	 380
19	 12 	 19.60 	 19.60	 392
20	 18 	 19.52 	 19.52	 410
21	 42 	 20.55 	 20.55	 452
22	 30 	 20.96 	 20.96	 482
23	 20 	 20.92 	 20.92	 502
24	 39 	 21.64 	 21.64	 541
25	 13 	 21.31 	 21.31	 554
26	 17 	 21.15 	 21.15	 571
27	 28 	 21.39 	 21.39	 599
28	 23 	 21.45 	 21.45	 622
29	 14 	 21.20 	 21.20	 636
30	 11 	 20.87 	 20.87	 647
31	 29 	 21.12 	 21.12	 676
32	 12 	 20.85 	 20.85	 688
33	 18 	 20.76 	 20.76	 706
34	 11 	 20.49 	 20.49	 717
35	 24 	 20.58 	 20.58	 741
36	 20 	 20.57 	 20.57	 761
37	 14 	 20.39 	 20.39	 775
38	 10 	 20.13 	 20.13	 785
39	 17 	 20.05 	 20.05	 802
40	 17 	 19.98 	 19.98	 819
41	 21 	 20.00 	 20.00	 840
42	 13 	 19.84 	 19.84	 853
43	 34 	 20.16 	 20.16	 887
44	 20 	 20.16 	 20.16	 907
45	 19 	 20.13 	 20.13	 926
46	 53 	 20.83 	 20.83	 979
47	 10 	 20.60 	 20.60	 989
48	 10 	 20.39 	 20.39	 999
49	 29 	 20.56 	 20.56	 1028
50	 15 	 20.45 	 20.45	 1043
51	 14 	 20.33 	 20.33	 1057
52	 15 	 20.23 	 20.23	 1072
53	 9 	 20.02 	 20.02	 1081
54	 10 	 19.84 	 19.84	 1091
55	 18 	 19.80 	 19.80	 1109
56	 10 	 19.63 	 19.63	 1119
57	 9 	 19.45 	 19.45	 1128
58	 12 	 19.32 	 19.32	 1140
59	 10 	 19.17 	 19.17	 1150
60	 11 	 19.03 	 19.03	 1161
61	 12 	 18.92 	 18.92	 1173
62	 9 	 18.76 	 18.76	 1182
63	 10 	 18.62 	 18.62	 1192
64	 11 	 18.51 	 18.51	 1203
65	 10 	 18.38 	 18.38	 1213
66	 9 	 18.24 	 18.24	 1222
67	 9 	 18.10 	 18.10	 1231
68	 9 	 17.97 	 17.97	 1240
69	 10 	 17.86 	 17.86	 1250
70	 10 	 17.75 	 17.75	 1260
71	 9 	 17.62 	 17.62	 1269
72	 9 	 17.51 	 17.51	 1278
73	 8 	 17.38 	 17.38	 1286
74	 10 	 17.28 	 17.28	 1296
75	 11 	 17.20 	 17.20	 1307
76	 9 	 17.09 	 17.09	 1316
77	 10 	 17.00 	 17.00	 1326
78	 9 	 16.90 	 16.90	 1335
79	 9 	 16.80 	 16.80	 1344
80	 8 	 16.69 	 16.69	 1352
81	 9 	 16.60 	 16.60	 1361
82	 8 	 16.49 	 16.49	 1369
83	 10 	 16.42 	 16.42	 1379
84	 14 	 16.39 	 16.39	 1393
85	 15 	 16.37 	 16.37	 1408
86	 14 	 16.34 	 16.34	 1422
87	 34 	 16.55 	 16.55	 1456
88	 60 	 17.03 	 17.03	 1516
89	 39 	 17.28 	 17.28	 1555
90	 42 	 17.55 	 17.55	 1597
91	 36 	 17.75 	 17.75	 1633
92	 36 	 17.95 	 17.95	 1669
93	 45 	 18.23 	 18.23	 1714
94	 190 	 20.04 	 20.04	 1904
95	 74 	 20.60 	 20.60	 1978
96	 54 	 20.95 	 20.95	 2032
97	 68 	 21.43 	 21.43	 2100
98	 106 	 22.28 	 22.28	 2206
99	 64 	 22.70 	 22.70	 2270
100	 267 	 25.12 	 25.24	 2537
101	 39 	 25.25 	 25.42	 2576
102	 222 	 27.17 	 27.52	 2798
103	 75 	 27.62 	 28.02	 2873
104	 65 	 27.98 	 28.54	 2938
105	 91 	 28.58 	 29.36	 3029
106	 240 	 30.55 	 31.50	 3269
107	 70 	 30.92 	 32.09	 3339
108	 121 	 31.74 	 32.74	 3460
109	 116 	 32.51 	 33.45	 3576
110	 59 	 32.75 	 33.92	 3635
111	 119 	 33.52 	 34.89	 3754
112	 548 	 38.07 	 40.17	 4302
113	 150 	 39.05 	 41.51	 4452
114	 543 	 43.43 	 46.73	 4995
115	 76 	 43.72 	 47.28	 5071
116	 88 	 44.09 	 48.03	 5159
117	 121 	 44.75 	 49.10	 5280
118	 248 	 46.45 	 51.48	 5528
119	 124 	 47.10 	 52.60	 5652
120	 70 	 47.29 	 53.12	 5722
121	 215 	 48.66 	 54.85	 5937
122	 394 	 51.47 	 58.49	 6331
123	 255 	 53.11 	 60.84	 6586
124	 436 	 56.18 	 64.81	 7022
125	 705 	 61.33 	 71.73	 7727
126	 294 	 63.16 	 74.50	 8021
127	 874 	 69.49 	 82.96	 8895
128	 665 	 74.11 	 89.38	 9560
129	 288 	 75.75 	 92.12	 9848
130	 870 	 81.82 	 100.71	 10718
131	 854 	 87.67 	 108.96	 11572
132	 413 	 90.11 	 112.97	 11985
133	 467 	 92.93 	 117.46	 12452
134	 1038 	 99.93 	 127.73	 13490
135	 537 	 103.14 	 132.86	 14027
136	 430 	 105.53 	 136.96	 14457
137	 468 	 108.15 	 141.50	 14925
138	 619 	 111.83 	 147.59	 15544
139	 607 	 115.36 	 153.49	 16151
140	 513 	 118.18 	 158.45	 16664
141	 551 	 121.23 	 163.75	 17215
0	 17 	 17.00 	 17.00	 17
1	 12 	 14.50 	 14.50	 29
2	 10 	 13.00 	 13.00	 39
3	 10 	 12.25 	 12.25	 49
4	 13 	 12.40 	 12.40	 62
5	 9 	 11.83 	 11.83	 71
6	 19 	 12.86 	 12.86	 90
7	 41 	 16.38 	 16.38	 131
8	 11 	 15.78 	 15.78	 142
9	 8 	 15.00 	 15.00	 150
10	 17 	 15.18 	 15.18	 167
11	 11 	 14.83 	 14.83	 178
12	 21 	 15.31 	 15.31	 199
13	 17 	 15.43 	 15.43	 216
14	 12 	 15.20 	 15.20	 228
15	 26 	 15.88 	 15.88	 254
16	 12 	 15.65 	 15.65	 266
17	 13 	 15.50 	 15.50	 279
18	 46 	 17.11 	 17.11	 325
19	 10 	 16.75 	 16.75	 335
20	 24 	 17.10 	 17.10	 359
21	 11 	 16.82 	 16.82	 370
22	 26 	 17.22 	 17.22	 396
23	 31 	 17.79 	 17.79	 427
24	 35 	 18.48 	 18.48	 462
25	 16 	 18.38 	 18.38	 478
26	 18 	 18.37 	 18.37	 496
27	 41 	 19.18 	 19.18	 537
28	 19 	 19.17 	 19.17	 556
29	 12 	 18.93 	 18.93	 568
30	 31 	 19.32 	 19.32	 599
31	 11 	 19.06 	 19.06	 610
32	 12 	 18.85 	 18.85	 622
33	 18 	 18.82 	 18.82	 640
34	 15 	 18.71 	 18.71	 655
35	 16 	 18.64 	 18.64	 671
36	 20 	 18.68 	 18.68	 691
37	 27 	 18.89 	 18.89	 718
38	 16 	 18.82 	 18.82	 734
39	 15 	 18.73 	 18.73	 749
40	 18 	 18.71 	 18.71	 767
41	 21 	 18.76 	 18.76	 788
42	 13 	 18.63 	 18.63	 801
43	 53 	 19.41 	 19.41	 854
44	 45 	 19.98 	 19.98	 899
45	 12 	 19.80 	 19.80	 911
46	 13 	 19.66 	 19.66	 924
47	 20 	 19.67 	 19.67	 944
48	 21 	 19.69 	 19.69	 965
49	 22 	 19.74 	 19.74	 987
50	 36 	 20.06 	 20.06	 1023
51	 18 	 20.02 	 20.02	 1041
52	 22 	 20.06 	 20.06	 1063
53	 11 	 19.89 	 19.89	 1074
54	 14 	 19.78 	 19.78	 1088
55	 13 	 19.66 	 19.66	 1101
56	 12 	 19.53 	 19.53	 1113
57	 12 	 19.40 	 19.40	 1125
0	 19 	 19.00 	 19.00	 19
1	 49 	 34.00 	 34.00	 68
2	 22 	 30.00 	 30.00	 90
3	 10 	 25.00 	 25.00	 100
4	 16 	 23.20 	 23.20	 116
5	 12 	 21.33 	 21.33	 128
6	 22 	 21.43 	 21.43	 150
7	 18 	 21.00 	 21.00	 168
8	 17 	 20.56 	 20.56	 185
9	 12 	 19.70 	 19.70	 197
10	 14 	 19.18 	 19.18	 211
11	 11 	 18.50 	 18.50	 222
12	 27 	 19.15 	 19.15	 249
13	 28 	 19.79 	 19.79	 277
14	 18 	 19.67 	 19.67	 295
15	 17 	 19.50 	 19.50	 312
16	 14 	 19.18 	 19.18	 326
17	 47 	 20.72 	 20.72	 373
18	 11 	 20.21 	 20.21	 384
19	 21 	 20.25 	 20.25	 405
20	 26 	 20.52 	 20.52	 431
21	 11 	 20.09 	 20.09	 442
22	 14 	 19.83 	 19.83	 456
23	 12 	 19.50 	 19.50	 468
24	 27 	 19.80 	 19.80	 495
25	 20 	 19.81 	 19.81	 515
26	 12 	 19.52 	 19.52	 527
27	 17 	 19.43 	 19.43	 544
28	 35 	 19.97 	 19.97	 579
29	 13 	 19.73 	 19.73	 592
30	 14 	 19.55 	 19.55	 606
31	 10 	 19.25 	 19.25	 616
32	 16 	 19.15 	 19.15	 632
33	 19 	 19.15 	 19.15	 651
34	 26 	 19.34 	 19.34	 677
35	 19 	 19.33 	 19.33	 696
36	 52 	 20.22 	 20.22	 748
37	 23 	 20.29 	 20.29	 771
38	 35 	 20.67 	 20.67	 806
39	 13 	 20.48 	 20.48	 819
40	 30 	 20.71 	 20.71	 849
41	 22 	 20.74 	 20.74	 871
42	 25 	 20.84 	 20.84	 896
43	 38 	 21.23 	 21.23	 934
44	 10 	 20.98 	 20.98	 944
45	 34 	 21.26 	 21.26	 978
46	 20 	 21.23 	 21.23	 998
47	 19 	 21.19 	 21.19	 1017
48	 17 	 21.10 	 21.10	 1034
49	 23 	 21.14 	 21.14	 1057
50	 21 	 21.14 	 21.14	 1078
51	 24 	 21.19 	 21.19	 1102
52	 10 	 20.98 	 20.98	 1112
53	 16 	 20.89 	 20.89	 1128
54	 10 	 20.69 	 20.69	 1138
55	 10 	 20.50 	 20.50	 1148
56	 10 	 20.32 	 20.32	 1158
57	 13 	 20.19 	 20.19	 1171
58	 8 	 19.98 	 19.98	 1179
59	 8 	 19.78 	 19.78	 1187
60	 10 	 19.62 	 19.62	 1197
61	 8 	 19.44 	 19.44	 1205
62	 10 	 19.29 	 19.29	 1215
63	 10 	 19.14 	 19.14	 1225
64	 11 	 19.02 	 19.02	 1236
65	 11 	 18.89 	 18.89	 1247
66	 8 	 18.73 	 18.73	 1255
67	 10 	 18.60 	 18.60	 1265
68	 10 	 18.48 	 18.48	 1275
69	 9 	 18.34 	 18.34	 1284
70	 10 	 18.23 	 18.23	 1294
71	 10 	 18.11 	 18.11	 1304
72	 9 	 17.99 	 17.99	 1313
73	 8 	 17.85 	 17.85	 1321
74	 9 	 17.73 	 17.73	 1330
75	 10 	 17.63 	 17.63	 1340
76	 10 	 17.53 	 17.53	 1350
77	 8 	 17.41 	 17.41	 1358
78	 8 	 17.29 	 17.29	 1366
79	 8 	 17.18 	 17.18	 1374
80	 14 	 17.14 	 17.14	 1388
81	 9 	 17.04 	 17.04	 1397
82	 11 	 16.96 	 16.96	 1408
83	 9 	 16.87 	 16.87	 1417
84	 9 	 16.78 	 16.78	 1426
85	 10 	 16.70 	 16.70	 1436
86	 9 	 16.61 	 16.61	 1445
87	 10 	 16.53 	 16.53	 1455
88	 9 	 16.45 	 16.45	 1464
89	 15 	 16.43 	 16.43	 1479
90	 88 	 17.22 	 17.22	 1567
91	 62 	 17.71 	 17.71	 1629
92	 73 	 18.30 	 18.30	 1702
93	 243 	 20.69 	 20.69	 1945
94	 79 	 21.31 	 21.31	 2024
95	 85 	 21.97 	 21.97	 2109
96	 60 	 22.36 	 22.36	 2169
97	 119 	 23.35 	 23.35	 2288
98	 81 	 23.93 	 23.93	 2369
99	 167 	 25.36 	 25.36	 2536
0	 16 	 16.00 	 16.00	 16
1	 39 	 27.50 	 27.50	 55
2	 11 	 22.00 	 22.00	 66
3	 14 	 20.00 	 20.00	 80
4	 25 	 21.00 	 21.00	 105
5	 12 	 19.50 	 19.50	 117
6	 15 	 18.86 	 18.86	 132
7	 38 	 21.25 	 21.25	 170
8	 21 	 21.22 	 21.22	 191
9	 32 	 22.30 	 22.30	 223
10	 14 	 21.55 	 21.55	 237
11	 11 	 20.67 	 20.67	 248
12	 19 	 20.54 	 20.54	 267
13	 13 	 20.00 	 20.00	 280
14	 39 	 21.27 	 21.27	 319
15	 12 	 20.69 	 20.69	 331
16	 11 	 20.12 	 20.12	 342
17	 46 	 21.56 	 21.56	 388
18	 29 	 21.95 	 21.95	 417
19	 22 	 21.95 	 21.95	 439
20	 20 	 21.86 	 21.86	 459
21	 34 	 22.41 	 22.41	 493
22	 17 	 22.17 	 22.17	 510
23	 20 	 22.08 	 22.08	 530
24	 37 	 22.68 	 22.68	 567
25	 17 	 22.46 	 22.46	 584
26	 19 	 22.33 	 22.33	 603
27	 26 	 22.46 	 22.46	 629
28	 27 	 22.62 	 22.62	 656
29	 18 	 22.47 	 22.47	 674
30	 25 	 22.55 	 22.55	 699
31	 10 	 22.16 	 22.16	 709
32	 24 	 22.21 	 22.21	 733
33	 71 	 23.65 	 23.65	 804
34	 31 	 23.86 	 23.86	 835
35	 15 	 23.61 	 23.61	 850
36	 51 	 24.35 	 24.35	 901
37	 21 	 24.26 	 24.26	 922
38	 24 	 24.26 	 24.26	 946
39	 15 	 24.02 	 24.02	 961
40	 9 	 23.66 	 23.66	 970
41	 25 	 23.69 	 23.69	 995
42	 17 	 23.53 	 23.53	 1012
43	 20 	 23.45 	 23.45	 1032
44	 26 	 23.51 	 23.51	 1058
45	 11 	 23.24 	 23.24	 1069
46	 10 	 22.96 	 22.96	 1079
47	 9 	 22.67 	 22.67	 1088
48	 11 	 22.43 	 22.43	 1099
49	 8 	 22.14 	 22.14	 1107
50	 12 	 21.94 	 21.94	 1119
51	 9 	 21.69 	 21.69	 1128
52	 11 	 21.49 	 21.49	 1139
53	 22 	 21.50 	 21.50	 1161
54	 12 	 21.33 	 21.33	 1173
55	 60 	 22.02 	 22.02	 1233
56	 9 	 21.79 	 21.79	 1242
57	 13 	 21.64 	 21.64	 1255
58	 9 	 21.42 	 21.42	 1264
59	 9 	 21.22 	 21.22	 1273
60	 10 	 21.03 	 21.03	 1283
61	 52 	 21.53 	 21.53	 1335
62	 55 	 22.06 	 22.06	 1390
63	 41 	 22.36 	 22.36	 1431
64	 50 	 22.78 	 22.78	 1481
65	 74 	 23.56 	 23.56	 1555
66	 88 	 24.52 	 24.52	 1643
67	 35 	 24.68 	 24.68	 1678
68	 31 	 24.77 	 24.77	 1709
69	 71 	 25.43 	 25.43	 1780
70	 44 	 25.69 	 25.69	 1824
71	 48 	 26.00 	 26.00	 1872
72	 47 	 26.29 	 26.29	 1919
73	 57 	 26.70 	 26.70	 1976
74	 46 	 26.96 	 26.96	 2022
75	 72 	 27.55 	 27.55	 2094
76	 54 	 27.90 	 27.90	 2148
77	 40 	 28.05 	 28.05	 2188
78	 91 	 28.85 	 28.85	 2279
79	 40 	 28.99 	 28.99	 2319
80	 47 	 29.21 	 29.21	 2366
81	 39 	 29.33 	 29.33	 2405
82	 68 	 29.80 	 29.80	 2473
83	 54 	 30.08 	 30.08	 2527
84	 66 	 30.51 	 30.51	 2593
85	 897 	 40.58 	 40.58	 3490
86	 407 	 44.79 	 44.79	 3897
87	 1254 	 58.53 	 58.53	 5151
88	 667 	 65.37 	 65.37	 5818
89	 222 	 67.11 	 67.11	 6040
90	 355 	 70.27 	 70.27	 6395
91	 304 	 72.82 	 72.82	 6699
92	 221 	 74.41 	 74.41	 6920
0	 55 	 55.00 	 55.00	 55
1	 15 	 35.00 	 35.00	 70
2	 11 	 27.00 	 27.00	 81
3	 13 	 23.50 	 23.50	 94
4	 20 	 22.80 	 22.80	 114
5	 33 	 24.50 	 24.50	 147
6	 41 	 26.86 	 26.86	 188
7	 20 	 26.00 	 26.00	 208
8	 18 	 25.11 	 25.11	 226
9	 18 	 24.40 	 24.40	 244
10	 21 	 24.09 	 24.09	 265
11	 14 	 23.25 	 23.25	 279
12	 21 	 23.08 	 23.08	 300
13	 12 	 22.29 	 22.29	 312
14	 28 	 22.67 	 22.67	 340
15	 19 	 22.44 	 22.44	 359
16	 37 	 23.29 	 23.29	 396
17	 11 	 22.61 	 22.61	 407
18	 20 	 22.47 	 22.47	 427
19	 22 	 22.45 	 22.45	 449
20	 17 	 22.19 	 22.19	 466
21	 34 	 22.73 	 22.73	 500
22	 11 	 22.22 	 22.22	 511
23	 15 	 21.92 	 21.92	 526
24	 28 	 22.16 	 22.16	 554
25	 37 	 22.73 	 22.73	 591
26	 17 	 22.52 	 22.52	 608
27	 25 	 22.61 	 22.61	 633
28	 22 	 22.59 	 22.59	 655
29	 36 	 23.03 	 23.03	 691
30	 21 	 22.97 	 22.97	 712
31	 14 	 22.69 	 22.69	 726
32	 9 	 22.27 	 22.27	 735
33	 50 	 23.09 	 23.09	 785
34	 36 	 23.46 	 23.46	 821
35	 25 	 23.50 	 23.50	 846
36	 76 	 24.92 	 24.92	 922
37	 18 	 24.74 	 24.74	 940
38	 14 	 24.46 	 24.46	 954
39	 26 	 24.50 	 24.50	 980
40	 31 	 24.66 	 24.66	 1011
41	 11 	 24.33 	 24.33	 1022
42	 16 	 24.14 	 24.14	 1038
43	 14 	 23.91 	 23.91	 1052
0	 25 	 25.00 	 25.00	 25
1	 21 	 23.00 	 23.00	 46
2	 27 	 24.33 	 24.33	 73
3	 89 	 40.50 	 40.50	 162
4	 34 	 39.20 	 39.20	 196
5	 53 	 41.50 	 41.50	 249
6	 43 	 41.71 	 41.71	 292
7	 35 	 40.88 	 40.88	 327
8	 29 	 39.56 	 39.56	 356
9	 27 	 38.30 	 38.30	 383
10	 14 	 36.09 	 36.09	 397
11	 31 	 35.67 	 35.67	 428
12	 18 	 34.31 	 34.31	 446
13	 28 	 33.86 	 33.86	 474
14	 25 	 33.27 	 33.27	 499
15	 35 	 33.38 	 33.38	 534
16	 20 	 32.59 	 32.59	 554
17	 20 	 31.89 	 31.89	 574
18	 33 	 31.95 	 31.95	 607
19	 16 	 31.15 	 31.15	 623
20	 11 	 30.19 	 30.19	 634
21	 13 	 29.41 	 29.41	 647
22	 30 	 29.43 	 29.43	 677
23	 16 	 28.88 	 28.88	 693
24	 58 	 30.04 	 30.04	 751
25	 22 	 29.73 	 29.73	 773
26	 34 	 29.89 	 29.89	 807
27	 40 	 30.25 	 30.25	 847
28	 23 	 30.00 	 30.00	 870
29	 28 	 29.93 	 29.93	 898
30	 35 	 30.10 	 30.10	 933
31	 26 	 29.97 	 29.97	 959
32	 13 	 29.45 	 29.45	 972
33	 19 	 29.15 	 29.15	 991
34	 27 	 29.09 	 29.09	 1018
35	 13 	 28.64 	 28.64	 1031
36	 22 	 28.46 	 28.46	 1053
37	 10 	 27.97 	 27.97	 1063
38	 17 	 27.69 	 27.69	 1080
39	 13 	 27.32 	 27.32	 1093
40	 11 	 26.93 	 26.93	 1104
41	 27 	 26.93 	 26.93	 1131
42	 10 	 26.53 	 26.53	 1141
43	 40 	 26.84 	 26.84	 1181
44	 10 	 26.47 	 26.47	 1191
45	 18 	 26.28 	 26.28	 1209
46	 9 	 25.91 	 25.91	 1218
47	 39 	 26.19 	 26.19	 1257
48	 50 	 26.67 	 26.67	 1307
49	 26 	 26.66 	 26.66	 1333
50	 30 	 26.73 	 26.73	 1363
51	 34 	 26.87 	 26.87	 1397
52	 29 	 26.91 	 26.91	 1426
53	 59 	 27.50 	 27.50	 1485
54	 35 	 27.64 	 27.64	 1520
55	 75 	 28.48 	 28.48	 1595
56	 77 	 29.33 	 29.33	 1672
57	 52 	 29.72 	 29.72	 1724
58	 43 	 29.95 	 29.95	 1767
59	 38 	 30.08 	 30.08	 1805
60	 102 	 31.26 	 31.26	 1907
61	 49 	 31.55 	 31.55	 1956
62	 77 	 32.27 	 32.27	 2033
63	 64 	 32.77 	 32.77	 2097
64	 94 	 33.71 	 33.71	 2191
65	 62 	 34.14 	 34.14	 2253
66	 57 	 34.48 	 34.48	 2310
67	 105 	 35.51 	 35.51	 2415
68	 74 	 36.07 	 36.07	 2489
69	 82 	 36.73 	 36.73	 2571
70	 80 	 37.34 	 37.34	 2651
71	 36 	 37.32 	 37.32	 2687
72	 78 	 37.88 	 37.88	 2765
73	 65 	 38.24 	 38.24	 2830
74	 83 	 38.84 	 38.84	 2913
75	 102 	 39.67 	 39.67	 3015
76	 51 	 39.82 	 39.82	 3066
77	 66 	 40.15 	 40.15	 3132
78	 106 	 40.99 	 40.99	 3238
79	 792 	 50.38 	 50.38	 4030
80	 565 	 56.73 	 56.73	 4595
81	 64 	 56.82 	 56.82	 4659
82	 95 	 57.28 	 57.28	 4754
83	 143 	 58.30 	 58.30	 4897
84	 108 	 58.88 	 58.88	 5005
85	 342 	 62.17 	 62.17	 5347
86	 98 	 62.59 	 62.59	 5445
87	 88 	 62.88 	 62.88	 5533
88	 95 	 63.24 	 63.24	 5628
89	 266 	 65.49 	 65.49	 5894
90	 1055 	 76.36 	 76.36	 6949
91	 237 	 78.11 	 78.11	 7186
92	 627 	 84.01 	 84.01	 7813
93	 341 	 86.74 	 86.74	 8154
94	 166 	 87.58 	 87.58	 8320
95	 293 	 89.72 	 89.72	 8613
96	 253 	 91.40 	 91.40	 8866
97	 316 	 93.69 	 93.69	 9182
98	 301 	 95.79 	 95.79	 9483
99	 300 	 97.83 	 97.83	 9783
100	 302 	 99.85 	 100.60	 10085
101	 287 	 101.69 	 103.26	 10372
102	 350 	 104.10 	 106.49	 10722
103	 531 	 108.20 	 110.91	 11253
104	 215 	 109.22 	 112.72	 11468
105	 333 	 111.33 	 115.52	 11801
106	 219 	 112.34 	 117.28	 12020
107	 270 	 113.80 	 119.63	 12290
108	 259 	 115.13 	 121.93	 12549
109	 200 	 115.90 	 123.66	 12749
110	 257 	 117.17 	 126.09	 13006
111	 188 	 117.80 	 127.66	 13194
112	 203 	 118.56 	 129.51	 13397
113	 174 	 119.04 	 130.97	 13571
114	 191 	 119.67 	 132.63	 13762
115	 212 	 120.47 	 134.40	 13974
116	 174 	 120.92 	 135.94	 14148
117	 176 	 121.39 	 137.50	 14324
118	 168 	 121.78 	 138.85	 14492
119	 171 	 122.19 	 140.40	 14663
120	 207 	 122.89 	 142.36	 14870
121	 180 	 123.36 	 144.03	 15050
122	 225 	 124.19 	 145.98	 15275
123	 142 	 124.33 	 147.24	 15417
124	 130 	 124.38 	 147.96	 15547
125	 156 	 124.63 	 149.30	 15703
126	 162 	 124.92 	 150.58	 15865
127	 286 	 126.18 	 153.04	 16151
128	 204 	 126.78 	 154.85	 16355
129	 517 	 129.78 	 159.74	 16872
130	 399 	 131.84 	 163.38	 17271
131	 295 	 133.08 	 166.07	 17566
132	 479 	 135.68 	 170.73	 18045
133	 575 	 138.96 	 176.29	 18620
134	 297 	 140.13 	 178.99	 18917
135	 296 	 141.27 	 181.82	 19213
136	 248 	 142.05 	 184.08	 19461
137	 272 	 142.99 	 186.70	 19733
138	 148 	 143.03 	 188.01	 19881
139	 169 	 143.21 	 189.57	 20050
140	 279 	 144.18 	 192.25	 20329
